Anio	Mes	TSM 
1982	1	18.93
1982	2	18.50
1982	3	17.72
1982	4	16.61
1982	5	14.54
1982	6	13.10
1982	7	11.40
1982	8	10.84
1982	9	10.71
1982	10	11.74
1982	11	13.72
1982	12	16.92
1983	1	19.46
1983	2	18.66
1983	3	17.52
1983	4	15.95
1983	5	14.07
1983	6	12.02
1983	7	10.80
1983	8	10.69
1983	9	10.54
1983	10	12.29
1983	11	15.19
1983	12	17.79
1984	1	19.32
1984	2	18.41
1984	3	17.82
1984	4	15.97
1984	5	13.84
1984	6	11.70
1984	7	10.40
1984	8	10.22
1984	9	10.41
1984	10	12.64
1984	11	14.99
1984	12	16.35
1985	1	18.07
1985	2	18.83
1985	3	17.73
1985	4	15.62
1985	5	13.98
1985	6	12.41
1985	7	11.73
1985	8	10.99
1985	9	11.61
1985	10	12.06
1985	11	14.70
1985	12	17.20
1986	1	18.95
1986	2	19.12
1986	3	17.57
1986	5	15.72
1986	6	14.52
1986	7	12.62
1986	8	10.98
1986	9	10.47
1986	10	10.90
1986	11	11.90
1986	12	14.02
1987	1	16.05
1987	2	17.88
1987	3	19.26
1987	4	18.18
1987	5	16.66
1987	6	14.61
1987	7	12.88
1987	8	11.59
1987	9	11.56
1987	10	11.43
1987	11	12.44
1987	12	13.90
1988	1	16.34
1988	2	17.84
1988	3	18.17
1988	4	18.23
1988	5	16.42
1988	6	14.31
1988	7	12.48
1988	8	11.04
1988	9	10.08
1988	10	10.81
1988	11	11.42
1988	12	13.88
1989	1	16.38
1989	2	17.90
1989	3	18.34
1989	4	18.08
1989	5	15.94
1989	6	14.22
1989	7	12.83
1989	8	11.62
1989	9	11.25
1989	10	10.95
1989	11	12.49
1989	12	15.15
1990	1	17.33
1990	2	18.91
1990	3	19.14
1990	4	18.59
1990	5	16.36
1990	6	14.56
1990	7	12.21
1990	8	11.49
1990	9	11.08
1990	10	10.71
1990	11	12.44
1990	12	14.38
1991	1	16.58
1991	3	18.58
1991	4	18.90
1991	5	18.42
1991	6	17.15
1991	7	15.77
1991	8	13.30
1991	9	12.35
1991	10	11.50
1991	11	11.54
1991	12	12.07
1992	1	14.25
1992	2	16.67
1992	3	18.21
1992	4	19.04
1992	5	18.80
1992	6	16.22
1992	7	13.86
1992	8	12.15
1992	9	10.71
1992	10	10.14
1992	11	10.37
1992	12	12.19
1993	1	13.15
1993	2	15.89
1993	3	18.04
1993	4	18.50
1993	5	18.08
1993	6	16.05
1993	7	13.91
1993	8	12.02
1993	9	10.86
1993	10	10.46
1993	11	10.77
1993	12	12.27
1994	1	14.80
1994	2	16.55
1994	3	18.54
1994	4	18.24
1994	5	18.62
1994	6	16.52
1994	7	14.88
1994	8	13.11
1994	9	11.88
1994	10	10.75
1994	11	10.97
1994	12	11.72
1995	1	14.17
1995	2	16.83
1995	3	17.99
1995	4	18.14
1995	5	17.45
1995	7	15.84
1995	8	14.70
1995	9	12.77
1995	10	10.71
1995	11	10.26
1995	12	10.35
1996	1	11.17
1996	2	13.88
1996	3	16.73
1996	4	18.00
1996	5	17.97
1996	6	17.50
1996	7	15.74
1996	8	14.41
1996	9	12.81
1996	10	11.36
1996	11	11.02
1996	12	10.94
1997	1	12.24
1997	2	14.73
1997	3	16.38
1997	4	18.61
1997	5	18.24
1997	6	17.64
1997	7	16.49
1997	8	14.82
1997	9	13.16
1997	10	11.61
1997	11	11.13
1997	12	11.44
1998	1	12.24
1998	2	14.36
1998	3	15.75
1998	4	17.48
1998	5	17.45
1998	6	17.72
1998	7	16.17
1998	8	14.60
1998	9	13.56
1998	10	12.71
1998	11	12.11
1998	12	11.78
1999	1	13.16
1999	2	14.80
1999	3	17.05
1999	4	18.19
1999	5	18.72
1999	6	18.44
1999	7	16.75
1999	8	14.84
1999	9	12.73
1999	10	11.90
1999	11	11.07
1999	12	11.43
2000	1	12.50
2000	3	14.57
2000	4	16.45
2000	5	18.50
2000	6	18.84
2000	7	17.81
2000	8	16.42
2000	9	14.47
2000	10	13.03
2000	11	11.51
2000	12	10.73
2001	1	10.22
2001	2	11.01
2001	3	13.20
2001	4	15.76
2001	5	18.11
2001	6	18.49
2001	7	17.96
2001	8	16.17
2001	9	13.86
2001	10	12.50
2001	11	11.36
2001	12	10.81
2002	1	11.02
2002	2	12.08
2002	3	14.57
2002	4	16.50
2002	5	18.65
2002	6	19.13
2002	7	17.83
2002	8	16.11
2002	9	14.24
2002	10	12.82
2002	11	11.81
2002	12	10.97
2003	1	10.64
2003	2	12.26
2003	3	14.29
2003	4	17.02
2003	5	18.49
2003	6	18.72
2003	7	18.34
2003	8	15.76
2003	9	14.33
2003	10	13.01
2003	11	11.80
2003	12	11.11
2004	1	11.30
2004	2	12.50
2004	3	14.33
2004	4	16.13
2004	5	18.62
2004	6	19.61
2004	7	19.16
2004	8	17.00
2004	9	14.94
2004	10	12.88
2004	12	11.60
2005	1	11.55
2005	2	11.27
2005	3	12.01
2005	4	13.70
2005	5	16.77
2005	6	18.98
2005	7	19.76
2005	8	18.79
2005	9	16.35
2005	10	14.18
2005	11	12.29
2005	12	11.59
2006	1	11.12
2006	2	11.07
2006	3	12.19
2006	4	14.44
2006	5	16.21
2006	6	17.31
2006	7	18.44
2006	8	17.74
2006	9	16.22
2006	10	14.26
2006	11	12.54
2006	12	11.25
2007	1	10.69
2007	2	11.47
2007	3	12.23
2007	4	14.12
2007	5	17.02
2007	6	18.45
2007	7	19.34
2007	8	18.14
2007	9	16.81
2007	10	14.49
2007	11	12.97
2007	12	11.00
2008	1	10.39
2008	2	10.89
2008	3	12.11
2008	4	13.85
2008	5	15.96
2008	6	17.89
2008	7	19.06
2008	8	19.01
2008	9	17.20
2008	10	14.96
2008	11	12.12
2008	12	11.75
2009	1	10.88
2009	2	10.79
2009	3	12.36
2009	5	15.17
2009	6	18.02
2009	7	19.53
2009	8	19.28
2009	9	19.10
2009	10	17.25
2009	11	15.26
2009	12	13.75
2010	1	12.32
2010	2	11.10
2010	3	11.44
2010	4	12.05
2010	5	13.66
2010	6	16.71
2010	7	18.25
2010	8	18.69
2010	9	18.39
2010	10	16.62
2010	11	14.76
2010	12	12.87
2011	1	11.30
2011	2	10.52
2011	3	10.87
2011	4	12.28
2011	5	14.39
2011	6	16.39
2011	7	18.85
2011	8	18.28
2011	9	17.98
2011	10	16.15
2011	11	14.64
2011	12	12.57
2012	1	11.53
2012	2	11.25
2012	3	11.11
2012	4	11.67
2012	5	15.13
2012	6	17.15
2012	7	19.53
2012	8	19.60
2012	9	18.79
2012	10	16.74
2012	11	14.93
2012	12	13.04
2013	1	11.73
2013	2	11.14
2013	3	11.87
2013	4	12.60
2013	5	14.54
2013	6	17.20
2013	7	18.20
2013	8	19.41
2013	9	17.41
2013	10	16.45
2013	11	15.03
2013	12	13.08
2014	1	11.52
2014	3	10.77
2014	4	11.14
2014	5	12.59
2014	6	14.71
2014	7	16.79
2014	8	18.44
2014	9	19.30
2014	10	18.46
2014	11	16.29
2014	12	14.59
2015	1	13.23
2015	3	11.97
2015	4	11.59
2015	5	11.86
2015	6	12.83
2015	7	14.96
2015	8	17.57
2015	9	18.44
2015	10	18.78
2015	11	18.47
2015	12	17.08
